UNITS UM,1000;
EDIT proj;
ADD P1 :W0.000000  5905.000,2700.000 5904.981,2700.436 5904.924,2700.868 5904.830,2701.294 5904.698,2701.710 5904.532,2702.113 5904.330,2702.500 5904.096,2702.868 5903.830,2703.214 5903.536,2703.536 5903.214,2703.830 5902.868,2704.096 5902.500,2704.330 5902.113,2704.532 5901.710,2704.698 5901.294,2704.830 5900.868,2704.924 5900.436,2704.981 5900.000,2705.000 5899.564,2704.981 5899.132,2704.924 5898.706,2704.830 5898.290,2704.698 5897.887,2704.532 5897.500,2704.330 5897.132,2704.096 5896.786,2703.830 5896.464,2703.536 5896.170,2703.214 5895.904,2702.868 5895.670,2702.500 5895.468,2702.113 5895.302,2701.710 5895.170,2701.294 5895.076,2700.868 5895.019,2700.436 5895.000,2700.000 5895.019,2699.564 5895.076,2699.132 5895.170,2698.706 5895.302,2698.290 5895.468,2697.887 5895.670,2697.500 5895.904,2697.132 5896.170,2696.786 5896.464,2696.464 5896.786,2696.170 5897.132,2695.904 5897.500,2695.670 5897.887,2695.468 5898.290,2695.302 5898.706,2695.170 5899.132,2695.076 5899.564,2695.019 5900.000,2695.000 5900.436,2695.019 5900.868,2695.076 5901.294,2695.170 5901.710,2695.302 5902.113,2695.468 5902.500,2695.670 5902.868,2695.904 5903.214,2696.170 5903.536,2696.464 5903.830,2696.786 5904.096,2697.132 5904.330,2697.500 5904.532,2697.887 5904.698,2698.290 5904.830,2698.706 5904.924,2699.132 5904.981,2699.564 5905.000,2700.000;
ADD P5 :W0.000000  5905.000,2700.000 5904.981,2700.436 5904.924,2700.868 5904.830,2701.294 5904.698,2701.710 5904.532,2702.113 5904.330,2702.500 5904.096,2702.868 5903.830,2703.214 5903.536,2703.536 5903.214,2703.830 5902.868,2704.096 5902.500,2704.330 5902.113,2704.532 5901.710,2704.698 5901.294,2704.830 5900.868,2704.924 5900.436,2704.981 5900.000,2705.000 5899.564,2704.981 5899.132,2704.924 5898.706,2704.830 5898.290,2704.698 5897.887,2704.532 5897.500,2704.330 5897.132,2704.096 5896.786,2703.830 5896.464,2703.536 5896.170,2703.214 5895.904,2702.868 5895.670,2702.500 5895.468,2702.113 5895.302,2701.710 5895.170,2701.294 5895.076,2700.868 5895.019,2700.436 5895.000,2700.000 5895.019,2699.564 5895.076,2699.132 5895.170,2698.706 5895.302,2698.290 5895.468,2697.887 5895.670,2697.500 5895.904,2697.132 5896.170,2696.786 5896.464,2696.464 5896.786,2696.170 5897.132,2695.904 5897.500,2695.670 5897.887,2695.468 5898.290,2695.302 5898.706,2695.170 5899.132,2695.076 5899.564,2695.019 5900.000,2695.000 5900.436,2695.019 5900.868,2695.076 5901.294,2695.170 5901.710,2695.302 5902.113,2695.468 5902.500,2695.670 5902.868,2695.904 5903.214,2696.170 5903.536,2696.464 5903.830,2696.786 5904.096,2697.132 5904.330,2697.500 5904.532,2697.887 5904.698,2698.290 5904.830,2698.706 5904.924,2699.132 5904.981,2699.564 5905.000,2700.000;
ADD P1 :W0.000000  5905.000,300.000 5904.981,300.436 5904.924,300.868 5904.830,301.294 5904.698,301.710 5904.532,302.113 5904.330,302.500 5904.096,302.868 5903.830,303.214 5903.536,303.536 5903.214,303.830 5902.868,304.096 5902.500,304.330 5902.113,304.532 5901.710,304.698 5901.294,304.830 5900.868,304.924 5900.436,304.981 5900.000,305.000 5899.564,304.981 5899.132,304.924 5898.706,304.830 5898.290,304.698 5897.887,304.532 5897.500,304.330 5897.132,304.096 5896.786,303.830 5896.464,303.536 5896.170,303.214 5895.904,302.868 5895.670,302.500 5895.468,302.113 5895.302,301.710 5895.170,301.294 5895.076,300.868 5895.019,300.436 5895.000,300.000 5895.019,299.564 5895.076,299.132 5895.170,298.706 5895.302,298.290 5895.468,297.887 5895.670,297.500 5895.904,297.132 5896.170,296.786 5896.464,296.464 5896.786,296.170 5897.132,295.904 5897.500,295.670 5897.887,295.468 5898.290,295.302 5898.706,295.170 5899.132,295.076 5899.564,295.019 5900.000,295.000 5900.436,295.019 5900.868,295.076 5901.294,295.170 5901.710,295.302 5902.113,295.468 5902.500,295.670 5902.868,295.904 5903.214,296.170 5903.536,296.464 5903.830,296.786 5904.096,297.132 5904.330,297.500 5904.532,297.887 5904.698,298.290 5904.830,298.706 5904.924,299.132 5904.981,299.564 5905.000,300.000;
ADD P5 :W0.000000  5905.000,300.000 5904.981,300.436 5904.924,300.868 5904.830,301.294 5904.698,301.710 5904.532,302.113 5904.330,302.500 5904.096,302.868 5903.830,303.214 5903.536,303.536 5903.214,303.830 5902.868,304.096 5902.500,304.330 5902.113,304.532 5901.710,304.698 5901.294,304.830 5900.868,304.924 5900.436,304.981 5900.000,305.000 5899.564,304.981 5899.132,304.924 5898.706,304.830 5898.290,304.698 5897.887,304.532 5897.500,304.330 5897.132,304.096 5896.786,303.830 5896.464,303.536 5896.170,303.214 5895.904,302.868 5895.670,302.500 5895.468,302.113 5895.302,301.710 5895.170,301.294 5895.076,300.868 5895.019,300.436 5895.000,300.000 5895.019,299.564 5895.076,299.132 5895.170,298.706 5895.302,298.290 5895.468,297.887 5895.670,297.500 5895.904,297.132 5896.170,296.786 5896.464,296.464 5896.786,296.170 5897.132,295.904 5897.500,295.670 5897.887,295.468 5898.290,295.302 5898.706,295.170 5899.132,295.076 5899.564,295.019 5900.000,295.000 5900.436,295.019 5900.868,295.076 5901.294,295.170 5901.710,295.302 5902.113,295.468 5902.500,295.670 5902.868,295.904 5903.214,296.170 5903.536,296.464 5903.830,296.786 5904.096,297.132 5904.330,297.500 5904.532,297.887 5904.698,298.290 5904.830,298.706 5904.924,299.132 5904.981,299.564 5905.000,300.000;
ADD P1 :W0.000000  5600.000,-1400.000 6200.000,-1400.000 6200.000,600.000 5600.000,600.000;
  BEGIN_ASSOC
    ADD N1 :F1.000000 :R0 :T12345 'net=P2' 0.00, 0.00;
  END_ASSOC
ADD P1 :W0.000000  0.000,0.000 4400.000,0.000 4400.000,-1400.000 5000.000,-1400.000 5000.000,600.000 600.000,600.000 600.000,9400.000 9400.000,9400.000 9400.000,1800.000 1800.000,1800.000 1800.000,8200.000 8200.000,8200.000 8200.000,3000.000 5600.000,3000.000 5600.000,2400.000 8800.000,2400.000 8800.000,8800.000 1200.000,8800.000 1200.000,1200.000 10000.000,1200.000 10000.000,10000.000 0.000,10000.000;
  BEGIN_ASSOC
    ADD N1 :F1.000000 :R0 :T12345 'net=P1' 0.00, 0.00;
  END_ASSOC
ADD P2 :W0.000000  5600.000,0.000 6200.000,0.000 6200.000,3000.000 5600.000,3000.000;
SAVE;
