UNITS UM,1000;
EDIT proj;
ADD P1 :W0.000000  -7450.000,-10430.000 12760.000,-10430.000 12760.000,-15430.000 14250.000,-15430.000 14250.000,-8940.000 -5960.000,-8940.000 -5960.000,35960.000 35960.000,35960.000 35960.000,-5960.000 -2980.000,-5960.000 -2980.000,32980.000 32980.000,32980.000 32980.000,-2980.000 0.000,-2980.000 0.000,30000.000 30000.000,30000.000 30000.000,0.000 15740.000,0.000 15740.000,-1490.000 31490.000,-1490.000 31490.000,31490.000 -1490.000,31490.000 -1490.000,-4470.000 34470.000,-4470.000 34470.000,34470.000 -4470.000,34470.000 -4470.000,-7450.000 37450.000,-7450.000 37450.000,37450.000 -7450.000,37450.000;
  BEGIN_ASSOC
    ADD N1 :F1.000000 :R0 :T12345 'net=P1' 0.00, 0.00;
  END_ASSOC
ADD P1 :W0.000000  15740.000,-15430.000 17230.000,-15430.000 17230.000,-8940.000 15740.000,-8940.000;
  BEGIN_ASSOC
    ADD N1 :F1.000000 :R0 :T12345 'net=P1' 0.00, 0.00;
  END_ASSOC
ADD P2 :W0.000000  15740.000,-10430.000 17230.000,-10430.000 17230.000,0.000 15740.000,0.000;
  BEGIN_ASSOC
    ADD N2 :F1.000000 :R0 :T12345 'net=P1' 0.00, 0.00;
  END_ASSOC
ADD P5 :W0.000000  16485.000,-9680.000 16484.943,-9678.693 16484.772,-9677.395 16484.489,-9676.118 16484.095,-9674.870 16483.595,-9673.661 16482.990,-9672.500 16482.287,-9671.396 16481.491,-9670.358 16480.607,-9669.393 16479.642,-9668.509 16478.604,-9667.713 16477.500,-9667.010 16476.339,-9666.405 16475.130,-9665.905 16473.882,-9665.511 16472.605,-9665.228 16471.307,-9665.057 16470.000,-9665.000 16468.693,-9665.057 16467.395,-9665.228 16466.118,-9665.511 16464.870,-9665.905 16463.661,-9666.405 16462.500,-9667.010 16461.396,-9667.713 16460.358,-9668.509 16459.393,-9669.393 16458.509,-9670.358 16457.713,-9671.396 16457.010,-9672.500 16456.405,-9673.661 16455.905,-9674.870 16455.511,-9676.118 16455.228,-9677.395 16455.057,-9678.693 16455.000,-9680.000 16455.057,-9681.307 16455.228,-9682.605 16455.511,-9683.882 16455.905,-9685.130 16456.405,-9686.339 16457.010,-9687.500 16457.713,-9688.604 16458.509,-9689.642 16459.393,-9690.607 16460.358,-9691.491 16461.396,-9692.287 16462.500,-9692.990 16463.661,-9693.595 16464.870,-9694.095 16466.118,-9694.489 16467.395,-9694.772 16468.693,-9694.943 16470.000,-9695.000 16471.307,-9694.943 16472.605,-9694.772 16473.882,-9694.489 16475.130,-9694.095 16476.339,-9693.595 16477.500,-9692.990 16478.604,-9692.287 16479.642,-9691.491 16480.607,-9690.607 16481.491,-9689.642 16482.287,-9688.604 16482.990,-9687.500 16483.595,-9686.339 16484.095,-9685.130 16484.489,-9683.882 16484.772,-9682.605 16484.943,-9681.307 16485.000,-9680.000;
  BEGIN_ASSOC
    ADD N5 :F1.000000 :R0 :T12345 'net=P1' 0.00, 0.00;
  END_ASSOC
ADD P5 :W0.000000  16485.000,-740.000 16484.943,-738.693 16484.772,-737.395 16484.489,-736.118 16484.095,-734.870 16483.595,-733.661 16482.990,-732.500 16482.287,-731.396 16481.491,-730.358 16480.607,-729.393 16479.642,-728.509 16478.604,-727.713 16477.500,-727.010 16476.339,-726.405 16475.130,-725.905 16473.882,-725.511 16472.605,-725.228 16471.307,-725.057 16470.000,-725.000 16468.693,-725.057 16467.395,-725.228 16466.118,-725.511 16464.870,-725.905 16463.661,-726.405 16462.500,-727.010 16461.396,-727.713 16460.358,-728.509 16459.393,-729.393 16458.509,-730.358 16457.713,-731.396 16457.010,-732.500 16456.405,-733.661 16455.905,-734.870 16455.511,-736.118 16455.228,-737.395 16455.057,-738.693 16455.000,-740.000 16455.057,-741.307 16455.228,-742.605 16455.511,-743.882 16455.905,-745.130 16456.405,-746.339 16457.010,-747.500 16457.713,-748.604 16458.509,-749.642 16459.393,-750.607 16460.358,-751.491 16461.396,-752.287 16462.500,-752.990 16463.661,-753.595 16464.870,-754.095 16466.118,-754.489 16467.395,-754.772 16468.693,-754.943 16470.000,-755.000 16471.307,-754.943 16472.605,-754.772 16473.882,-754.489 16475.130,-754.095 16476.339,-753.595 16477.500,-752.990 16478.604,-752.287 16479.642,-751.491 16480.607,-750.607 16481.491,-749.642 16482.287,-748.604 16482.990,-747.500 16483.595,-746.339 16484.095,-745.130 16484.489,-743.882 16484.772,-742.605 16484.943,-741.307 16485.000,-740.000;
  BEGIN_ASSOC
    ADD N5 :F1.000000 :R0 :T12345 'net=P1' 0.00, 0.00;
  END_ASSOC
SAVE;
